34
35
32
36
34
35
33
34
38
35
34
33
35
36
34
32
35
39
42
45
52
58
55
49
40
36
34
35
33
34
35
36
32
34
35
34
33
35
36
34
35
32
34
35
38
36
34
33
35
34
36
35
33
34
35
36
48
53
56
50
42
38
35
34
33
35
36
34
35
32
34
35
36
34
33
35
34
36
35
34
32
35
36
34
33
35
34
36
35
34
32
35
38
35
34
33
35
36
34
35
32
34
35
36
34
33
35
51
55
59
54
45
39
36
35
34
33
35
36
34
35
32
34
35
36
34
33
35
34
36
35
34
32
35
36
34
33
35
34
36
35
34
32
35
36
34
33
35